528751476557255912238841166082159211617048898720269382062602637405946820440500294144095146474295035453693648536003916261540058557368659823829992894965383217387515399592131504489245611553787350340156359420958504357027155804554306124
1179772943273417876714069897960122588503516826870327717701805547153283876891321192947103826858140103566514149431610733498921582744054707719110806304920665732197442066545204084362586540616212935567363806829671967776529015482855101326
557399064129145595803193954499397469732392625077202660460832726645162527169182331640449074400359781475571212409524927079376787216857520467720476729967880810510087023668567516876216415495051758369198847414431597438684657398753464545
475632654196445996425770651994771919609010301129528164508906252267318978268111132715087611104021353441783347932598358982403394207237438403827808853240792336968597004805146693309611256858898770970868550558591751069006600857894930746
891465828772617380888469342993222954339258497712294194851564545532996138808677387470733486095336309922530956352570093967612027105576415007653260077584942168785646862611644429544270216753002557883966701840336547152228806720380544706
1126787594445526210622281565032090395619473867054410907036444131661737146261893119300278240031632436833452168390465048390321434770270030329460807453287981025108782228618510951833950906968631066164087081595309258188418324236542874584
1036813246668825939242059460988428327330028219545340037605196254992083855557268118703375369216816602783850354355222087048490482636372476818144697424466155653828055808233626182786207660868661648911529107526415363449490221423203997814
552657998911421823646890784962465647614351911691229687912042503238473076065757444516800068963106250214431619504432832399858587804856518328206446621680845690080542863735937691480875718800270580114652026469941735355760730073843552517
400140379811566539654046505068813697150311332267568768219583701622568724163295126941879001225860666900012827722167323410682264588569752966886710966970544900705241424002867270319146373977660386184337100854227147989949691207126946152
265319257221103936200643733306008303505532671209294073090423906963850442309352335301614221494976052893249256417795539756851386620163774873335373628008556445428860562904189210324426125377257681914331357216683468470119835431249316807
871691115691028902398394008413229143966828797784675814530105881945992062661016083159596238283735819276967138864921895325450917106955524615653472000250543840295174578520793088350618744652501229702193318693172599501364608955296752819
1374172903559147902022417273448903905021248780880139050560948029363509123965816822438529343219496867340627469075457298540021469244243849121915696719735300373138687943683140257154832209088409365943739135588083495713627311604340965577
963712009553154115540430714482081643868758189751686405043112392722087585205169400078471987138999874284793412890538709932763762133926795249292230655344683293005436110209750441852327497684087229255501420759406115142356739252464768076
69996042422777895773286880833282600816299545937186307107404875467347367081874712390218562480434503657899868275526790680009520118404753297076340557676868300298657131276383112435617285847455404949710005237585756827622257364033725389
596784561941245081656438875248822368635671000639842765536352527396676176258351442862417452632348562439289016985230229954542854860763681305639030474593878880004397799466584617445550167588857224774949542820769229549986955837505324841
1252824343764977973042635713425844315828507327505956051433034271908734208220710110685817047045100517708906710147401085727417280363912069837546241237512243463784500904299849090636701231131376698843990051339306217759059069712724244754
1313412765883268748361141241704860167518388851686425857947119759485547830767156668760283877450816020333946728528644587025645080755784502003780222274510888683539571584629533962179186235129794245403586495453802099503384455050938316322
